    15  2457739.5123225981        0.0009234807   0   0    2   1
    16  2457741.0240245885        0.0008055443   0   0    0   1
    17  2457742.5338976681        0.0007834144   0   0    0   1
    18  2457744.0468624528        0.0008951037   0   0    0   1
    19  2457745.5569663551        0.0008903084   0   0    0   1
    20  2457747.0747315418        0.0008434029   0   0    2   1
    21  2457748.5787809477        0.0008174830   0   0    0   1
    22  2457750.0887231221        0.0012476833   1   1    3   1
    23  2457751.6014626827        0.0008033202   0   0    0   1
    24  2457753.1127392459        0.0008307089   0   0    0   1
    25  2457754.6224537040        0.0009302780   0   0    0   1
    26  2457756.1346934037        0.0009451938   0   0    0   1
    27  2457757.6444973731        0.0008369426   0   0    0   1
    28  2457759.1587754339        0.0008312319   0   0    0   1
    29  2457760.6675418848        0.0008187954   0   0    0   1
    30  2457762.1781208087        0.0008562101   0   0    0   1
    31  2457763.6912580607        0.0008280631   0   0    0   1
    32  2457765.1998165492        0.0008822941   0   0    0   1
    33  2457766.7117723911        0.0009511622   1   0    0   1
    34  2457768.2235070104        0.0008839395   1   0    0   1
    35  2457769.7336338176        0.0008839281   0   0    0   1
    36  2457771.2454470918        0.0008391623   1   0    0   1
    37  2457772.7576648174        0.0009074659   0   0    0   1
    38  2457774.2671723701        0.0008969034   0   0    0   1
    39  2457775.7779462989        0.0009505243   0   0    0   1
    40  2457777.2871908597        0.0008574514   0   0    0   1
    41  2457778.8002644437        0.0008062641   1   0    0   1
    42  2457780.3108726135        0.0008623921   1   0    0   1
    43  2457781.8229358131        0.0009380931   0   0    2    1
    44  2457783.3344338611        0.0009294907   0   0    0   1
    45  2457784.8423717297        0.0008804399   0   0    0   1
    46  2457792.3981102752        0.0009616874   1   0    0   1
    47  2457793.9119259706        0.0009155938   1   1    2   1
    48  2457795.4172991188        0.0008976794   0   0    0    1
    49  2457796.9319918817        0.0008779146   1   0    0   1
    50  2457798.4432953498        0.0008832818   0   0    0   1
    51  2457799.9544157381        0.0008991650   0   0    0   1
    52  2457801.4648572137        0.0009724237   0   0    0   1
    53  2457802.9766615657        0.0009710549   1   0    0   1
    54  2457804.4881582637        0.0009213789   0   0    0   1
    55  2457805.9990555574        0.0009883661   0   0    0   1
    56  2457807.5098728412        0.0009334902   0   0    0   1
    57  2457809.0197545039        0.0011838515   0   0    3   1
    58  2457810.5313517554        0.0010295287   0   0    0   1
    59  2457812.0420042640        0.0010715378   1   0    0   1
    60  2457813.5531082107        0.0010090169   1   1    3   1
    61  2457815.0646328065        0.0010689775   0   0    0   1
    62  2457816.5782667897        0.0014846448   0   0    3   1
    10  2457740.5251189172        0.0009606614    0   0   0   2
    11  2457742.9473597533        0.0009417123    1   0   0   2
    12  2457745.3726718267        0.0010034206    0   0   0   2
    13  2457747.7926157564        0.0009218279    0   0   0   2
    14  2457750.2144929883        0.0009763289    0   0   0   2
    15  2457752.6349236583        0.0009570911    0   0   0   2
    16  2457755.0553126819        0.0009736380    0   0   0   2
    17  2457757.4791404312        0.0010546056    0   0   0   2
    18  2457759.9019936733        0.0013001888    0   0   3   2
    19  2457762.3278169148        0.0010456810    1   0   0   2
    20  2457764.7462394484        0.0008701047    0   0   0   2
    21  2457767.1671541291        0.0009773817    0   0   0   2
    22  2457769.5907986308        0.0009596667    0   0   0   2
    23  2457772.0118820695        0.0009234396    0   0   0   2
    24  2457774.4334367746        0.0009799818    1   0   0   2
    25  2457776.8547308412        0.0010151433    0   0   0   2
    26  2457779.2768525360        0.0009559314    0   0   0   2
    27  2457781.6995107923        0.0009974505    0   0   0   2
    28  2457784.1220059297        0.0009912956    0   0   0   2
    29  2457791.3892268213        0.0009660833    1   1   3   2
    30  2457793.8107025619        0.0010290675    0   0   0   2
    31  2457796.2322684396        0.0011081834    0   0   0    2
    32  2457798.6554124914        0.0009349601    0   0   0   2
    33  2457801.0778420363        0.0010351616    1   0   0   2
    34  2457803.4992215051        0.0011054649    1   0   0   2
    35  2457805.9201852037        0.0011433636    0   0   0   2
    36  2457808.3449603086        0.0010414178    0   0   0   2
    37  2457810.7643211256        0.0011221776    1   0   0   2
    38  2457813.1851066756        0.0011009566    0   0   0   2
    39  2457815.6101823230        0.0011287014    0   0   0   2
     6  2457738.9859906994        0.0017578575   0  0  0   3
     7  2457743.0372793572        0.0017144797   0  0  0   3
     8  2457747.0786806052        0.0018098078   0  0  2   3
     9  2457751.1357149002        0.0017456260   0  0  0   3
    10  2457755.1860467028        0.0019266468   0  0  0   3
    11  2457759.2413786170        0.0018393520   0  0  0   3
    12  2457763.2845025789        0.0017434077   0  0  0   3
    13  2457767.3338767625        0.0019037452   0  0  0   3
    14  2457771.3874958837        0.0019177443   0  0  0   3
    15  2457775.4381061969        0.0018092077   0  0  0   3
    16  2457779.4906062479        0.0026306027   0  0  3   3
    17  2457783.5393497199        0.0017402161   0  0  0   3
    18  2457791.6339286170        0.0018758981   0  0  0   3
    19  2457795.6791942064        0.0021626057   0  0  0   3
    20  2457799.7239349824        0.0022850565   0  0  0   3
    21  2457803.7916279980        0.0019460485   0  0  0   3
    22  2457807.8408086910        0.0018779992   0  0  0   3
    23  2457811.8980430756        0.0032711580   0  0  3   3
    24  2457815.9392284378        0.0022338961   0  0  0   3
     4  2457739.6661994774        0.0015525226  0  0  0    4
     5  2457745.7667456977        0.0013729753  0  0  0   4
     6  2457751.8606031029        0.0014700915  0  0  1   4
     7  2457757.9644933292        0.0014490879  0  0  0   4
     8  2457764.0645012413        0.0013800457  0  0  0   4
     9  2457770.1711070258        0.0014329947  0  0  0   4
    10  2457776.2623544452        0.0012935928  0  0  0   4
    11  2457782.3614737429        0.0014091945  0  0  0   4
    12  2457794.5615852391        0.0016963791  0  0  0   4
    13  2457800.6673577898        0.0015680032  0  0  0   4
    14  2457806.7707012538        0.0015387165  0  0  0   4
    15  2457812.8609691807        0.0018011012  1  1  3   4
     4  2457745.0295538418        0.0011827216   0  0  0   5
     5  2457754.2276751800        0.0011843283   0  0  0   5
     6  2457763.4417254599        0.0012183349   0  0  0    5
     7  2457772.6519564912        0.0012343995   0  0  0   5
     8  2457781.8379353262        0.0012840386   0  0  2   5
     9  2457800.2721550870        0.0013327108   0  0  0   5
    10  2457809.4769884152        0.0013710024   0  0  0    5
     3  2457739.4776367233        0.0011639721    0  0  1   6
     4  2457751.8354637250        0.0010680821    1  0  1   6
     5  2457764.1863010158        0.0011382166    0  0  0   6
     6  2457776.5472370610        0.0010819870    1  0  0   6
     7  2457801.2513905964        0.0012648389    0  0  0   6
     8  2457813.6091984739        0.0012942350    1  0  1   6
     2  2457756.3856807812        0.0022832347    0  0  0   7
     3  2457775.1476120548        0.0024044832    0  0  0   7
     4  2457793.9221314085        0.0025558926    0  0  2   7
     5  2457812.6631649453        0.0042030491    0  0  3   7
