15 2457739.5171674555 0.0009234807 0 0 2 1
16 2457741.0287816632 0.0008055443 0 0 0 1
17 2457742.5385637973 0.0007834144 0 0 0 1
18 2457744.0514342277 0.0008951037 0 0 0 1
19 2457745.5614407961 0.0008903084 0 0 0 1
20 2457747.0791050359 0.0008434029 0 0 2 1
21 2457748.5830513858 0.0008174830 0 0 0 1
22 2457750.0928871408 0.0012476833 1 1 3 1
23 2457751.6055171788 0.0008033202 0 0 0 1
24 2457753.1166814924 0.0008307089 0 0 0 1
25 2457754.6262810603 0.0009302780 0 0 0 1
26 2457756.1384029943 0.0009451938 0 0 0 1
27 2457757.6480867853 0.0008369426 0 0 0 1
28 2457759.1622417793 0.0008312319 0 0 0 1
29 2457760.6708831713 0.0008187954 0 0 0 1
30 2457762.1813345319 0.0008562101 0 0 0 1
31 2457763.6943417285 0.0008280631 0 0 0 1
32 2457765.2027683770 0.0008822941 0 0 0 1
33 2457766.7145899897 0.0009511622 1 0 0 1
34 2457768.2261883980 0.0008839395 1 0 0 1
35 2457769.7361772354 0.0008839281 0 0 0 1
36 2457771.2478505764 0.0008391623 1 0 0 1
37 2457772.7599266181 0.0009074659 0 0 0 1
38 2457774.2692911322 0.0008969034 0 0 0 1
39 2457775.7799203927 0.0009505243 0 0 0 1
40 2457777.2890190263 0.0008574514 0 0 0 1
41 2457778.8019450074 0.0008062641 1 0 0 1
42 2457780.3124046153 0.0008623921 1 0 0 1
43 2457781.8243180159 0.0009380931 0 0 2 1
44 2457783.3356653345 0.0009294907 0 0 0 1
45 2457784.8434519535 0.0008804399 0 0 0 1
46 2457792.3984233192 0.0009616874 1 0 0 1
47 2457793.9120842167 0.0009155938 1 1 2 1
48 2457795.4173033279 0.0008976794 0 0 0 1
49 2457796.9318411094 0.0008779146 1 0 0 1
50 2457798.4429900651 0.0008832818 0 0 0 1
51 2457799.9539561938 0.0008991650 0 0 0 1
52 2457801.4642438241 0.0009724237 0 0 0 1
53 2457802.9758946486 0.0009710549 1 0 0 1
54 2457804.4872384188 0.0009213789 0 0 0 1
55 2457805.9979835241 0.0009883661 0 0 0 1
56 2457807.5086494158 0.0009334902 0 0 0 1
57 2457809.0183806764 0.0011838515 0 0 3 1
58 2457810.5298283603 0.0010295287 0 0 0 1
59 2457812.0403325087 0.0010715378 1 0 0 1
60 2457813.5512892697 0.0010090169 1 1 3 1
61 2457815.0626679640 0.0010689775 0 0 0 1
62 2457816.5761572751 0.0014846448 0 0 3 1
10 2457740.5299053276 0.0009606614 0 0 0 2
11 2457742.9520004150 0.0009417123 1 0 0 2
12 2457745.3771583135 0.0010034206 0 0 0 2
13 2457747.7969404333 0.0009218279 0 0 0 2
14 2457750.2186480109 0.0009763289 0 0 0 2
15 2457752.6389016961 0.0009570911 0 0 0 2
16 2457755.0591066009 0.0009736380 0 0 0 2
17 2457757.4827431296 0.0010546056 0 0 0 2
18 2457759.9053987139 0.0013001888 0 0 3 2
19 2457762.3310178714 0.0010456810 1 0 0 2
20 2457764.7492311397 0.0008701047 0 0 0 2
21 2457767.1699309028 0.0009773817 0 0 0 2
22 2457769.5933551774 0.0009596667 0 0 0 2
23 2457772.0142139527 0.0009234396 0 0 0 2
24 2457774.4355396875 0.0009799818 1 0 0 2
25 2457776.8566009598 0.0010151433 0 0 0 2
26 2457779.2784863538 0.0009559314 0 0 0 2
27 2457781.7009052611 0.0009974505 0 0 0 2
28 2457784.1231585103 0.0009912956 0 0 0 2
29 2457791.3896429176 0.0009660833 1 1 3 2
30 2457793.8108711634 0.0010290675 0 0 0 2
31 2457796.2321892539 0.0011081834 0 0 0 2
32 2457798.6550855362 0.0009349601 0 0 0 2
33 2457801.0772680263 0.0010351616 1 0 0 2
34 2457803.4984016470 0.0011054649 1 0 0 2
35 2457805.9191210959 0.0011433636 0 0 0 2
36 2457808.3436535811 0.0010414178 0 0 0 2
37 2457810.7627747757 0.0011221776 1 0 0 2
38 2457813.1833234611 0.0011009566 0 0 0 2
39 2457815.6081651668 0.0011287014 0 0 0 2
6 2457738.9908653414 0.0017578575 0 0 0 3
7 2457743.0419144486 0.0017144797 0 0 0 3
8 2457747.0830538324 0.0018098078 0 0 2 3
9 2457751.1398034226 0.0017456260 0 0 0 3
10 2457755.1898304797 0.0019266468 0 0 0 3
11 2457759.2448381777 0.0018393520 0 0 0 3
12 2457763.2876214264 0.0017434077 0 0 0 3
13 2457767.3366385447 0.0019037452 0 0 0 3
14 2457771.3898861310 0.0019177443 0 0 0 3
15 2457775.4401129596 0.0018092077 0 0 0 3
16 2457779.4922190621 0.0026306027 0 0 3 3
17 2457783.5405606888 0.0017402161 0 0 0 3
18 2457791.6343197292 0.0018758981 0 0 0 3
19 2457795.6791716148 0.0021626057 0 0 0 3
20 2457799.7234989465 0.0022850565 0 0 0 3
21 2457803.7907785475 0.0019460485 0 0 0 3
22 2457807.8395522200 0.0018779992 0 0 0 3
23 2457811.8963854080 0.0032711580 0 0 3 3
24 2457815.9371798206 0.0022338961 0 0 0 3
4 2457739.6710355505 0.0015525226 0 0 0 4
5 2457745.7712063706 0.0013729753 0 0 0 4
6 2457751.8646385511 0.0014700915 0 0 1 4
7 2457757.9680569433 0.0014490879 0 0 0 4
8 2457764.0675524888 0.0013800457 0 0 0 4
9 2457770.1736101331 0.0014329947 0 0 0 4
10 2457776.2642818508 0.0012935928 0 0 0 4
11 2457782.3628023490 0.0014091945 0 0 0 4
12 2457794.5616770145 0.0016963791 0 0 0 4
13 2457800.6668255790 0.0015680032 0 0 0 4
14 2457806.7695517917 0.0015387165 0 0 0 4
15 2457812.8592174975 0.0018011012 1 1 3 4
4 2457745.0340626314 0.0011827216 0 0 0 5
5 2457754.2315328419 0.0011843283 0 0 0 5
6 2457763.4448307282 0.0012183349 0 0 0 5
7 2457772.6542282500 0.0012343995 0 0 0 5
8 2457781.8393160379 0.0012840386 0 0 2 5
9 2457800.2716631466 0.0013327108 0 0 0 5
10 2457809.4755692347 0.0013710024 0 0 0 5
3 2457739.4824835556 0.0011639721 0 0 1 6
4 2457751.8395010242 0.0010680821 1 0 1 6
5 2457764.1893416550 0.0011382166 0 0 0 6
6 2457776.5491369418 0.0010819870 1 0 0 6
7 2457801.2507989234 0.0012648389 0 0 0 6
8 2457813.6073740940 0.0012942350 1 0 1 6
2 2457756.3893705718 0.0022832347 0 0 0 7
3 2457775.1496466855 0.0024044832 0 0 0 7
4 2457793.9222886106 0.0025558926 0 0 2 7
5 2457812.6614325321 0.0042030491 0 0 3 7
